14930
60032
52834
2585
25923
30674
35803
42735
25006
29801
61580
12645
4764
3226
26996
16994
43512
3940
25454
22955
55850
62057
63098
6906
53660
296
29530
17458
18319
38724
38161
33250
33220
25460
35835
59144
56134
6102
36343
15605
35903
32388
28250
40667
35614
55246
57662
13590
59186
17580
36546
49500
14101
34108
56407
2226
34404
20401
19684
52723
59126
57845
20437
26810
17769
56272
20418
8368
62375
56762
23973
32742
23614
52223
7874
59228
41933
0
7282
35583
17580
43828
19548
31681
12400
10419
33907
46804
30820
53591
33992
24410
45901
54429
51221
63670
45166
6103
6502
42005
62865
30475
9211
20943
17162
17085
14635
59095
17085
21918
29143
34665
210
48691
811
12611
59110
34718
59415
24394
22774
27871
48805
3139
16765
34490
1273
61931
40593
7776
38400
37923
38251
47611
58866
55414
64697
7966
48973
16246
29884
12580
50912
30094
61271
51723
42705
54845
20905
36585
13704
43679
64456
62509
46818
15685
31463
48092
12080
6520
55868
50480
44443
28583
32556
37774
18461
31717
45740
1899
47963
10088
14479
33339
40182
10215
19526
17352
65060
40432
53937
13228
18575
52857
10201
65394
3007
41664
47950
15087
48185
38282
32
27092
1329
32588
64866
19791
64305
45070
21690
46732
55158
36169
14536
29805
46384
34062
47157
45909
8958
35558
59137
27534
22879
3803
27392
25886
45467
9806
40974
28116
48088
41006
55209
49417
8058
54539
3672
6827
34074
25362
53559
23696
61532
2559
53501
42380
36622
35122
22753
45580
5144
16355
7578
28024
20158
34970
53910
89
44776
29348
28206
27328
4818
17879
11210
12876
6882
14882
19703
40956
40245
7727
64653
36241
10286
52618
13085
46908
22205
35839
26953
27349
52194
34531
55373
6816
3966
43748
6905
48742
7560
35111
10535
12379
52990
21745
25255
59873
36627
44959
35293
11336
52686
34410
47577
62972
21493
60663
44345
43698
30966
5762
5511
17624
40293
60885
24440
44259
39097
31345
27466
46657
921
38001
59036
53911
59746
18756
48248
30837
63715
18006
42174
50865
52416
24215
48301
8373
19342
27110
52071
50308
32872
57583
2396
7630
52932
26836
51889
26493
58182
13819
7614
59103
51820
1115
47478
46030
19871
30191
11332
18050
48197
53506
3379
35077
12185
51680
43451
31528
13255
29986
16300
46127
22033
18697
53757
9429
45533
40111
35922
38179
53930
43537
31746
40215
44652
13689
20709
64523
43880
32041
17037
26541
20011
20416
61618
32197
6560
39533
63725
19815
3984
14489
407
26017
33186
54164
35447
13184
28739
5833
51363
17134
49370
17574
57349
28486
31263
12522
27473
9607
44564
44510
36148
64575
64926
32230
31236
5951
6228
29425
25766
10212
43915
26173
36229
11565
14802
6140
24749
43541
11974
10577
60675
61344
28151
52488
24295
59414
65011
51768
3485
44039
30743
39633
43078
30133
6327
8779
36084
12555
38204
61851
22767
16583
22488
58997
28149
37290
65137
52898
15296
11575
63475
10435
7384
26090
62924
31679
19968
62399
17911
23453
40902
48654
63086
18444
13252
3878
27223
49336
16433
65428
45651
39201
16475
2604
32662
44624
39894
32263
31987
55190
43839
29926
90
51223
56017
63014
17366
10449
59877
35277
33903
35243
18396
31453
53687
31648
35331
15375
15448
51765
15267
61100
25430
31742
63704
58092
10831
38062
24819
42818
27717
3122
7208
27807
54345
63225
25285
6175
8139
19626
41453
42042
54869
59849
7959
43020
25961
43291
58395
41409
29520
8126
36973
54950
39869
35141
47506
50700
7668
6789
27982
35385
9912
35190
63192
64257
32880
22941
4897
41019
42567
46350
17525
31900
40663
25484
9384
1088
3239
2244
42497
32759
10370
13935
22173
50239
49076
4143
35403
56744
10933
63385
26593
20845
33040
24249
19566
384
47190
24463
41403
24221
5277
58928
56121
45940
18876
65506
47028
22116
2214
23990
54875
12584
37925
11513
62824
21465
15656
32691
12674
26589
30541
39267
47434
63581
63517
1465
63965
45171
25928
39832
3857
31206
33224
59978
11610
52100
59948
58639
8680
62162
17093
63556
9211
55018
9533
6499
10947
25189
39190
23621
51779
4195
62889
33677
2240
60870
35142
669
40505
61071
40501
44362
26741
8189
38805
38351
60290
33217
31454
3434
29844
48547
1454
39055
38029
10987
45554
48977
36177
19208
7062
22420
23404
4415
56097
25644
65285
25704
26314
40255
21239
1279
19081
47980
9469
57886
20795
4223
25568
52250
7657
55412
35261
9112
28931
7755
20099
8949
56732
56276
28157
63794
13160
51561
2674
3722
11670
2423
29426
37984
42678
50665
39263
61760
33109
48732
54110
53904
52955
14142
40618
60613
4018
10344
4189
32949
18099
24288
41898
9295
15029
4520
7553
28189
56081
10227
31911
2215
12651
61337
40199
55329
46466
13927
51553
14039
62659
40128
2408
50079
54270
43026
45156
58289
53370
49345
25702
5933
8097
2065
15228
23126
6585
22782
51316
62666
33009
17691
64882
45660
13493
39545
35454
59959
53472
21471
8463
50596
61599
10871
35139
50334
53897
14759
43087
41732
64104
3253
47665
6665
5318
62894
29792
11903
20140
15572
9034
53149
33263
8380
33274
46756
47925
3192
41180
35862
24663
49643
20922
20727
60514
56061
5525
48875
5284
48612
25071
3852
51865
7201
10517
57184
4559
40309
3551
24699
55881
12585
12312
23609
20965
45586
4829
3355
48778
46009
39217
7906
30116
60139
28633
25094
50664
34158
8434
55948
17234
33505
59800
3563
40706
4781
60747
45265
45091
64299
4428
35436
11348
16741
59045
32314
62327
63875
35669
45570
44348
9350
53476
8929
3953
16573
34023
54617
50731
42457
45029
2429
10427
39293
5992
51133
44074
1204
30863
23629
65503
35291
59066
11315
52032
52575
43629
48824
50914
13762
28858
29727
23112
16798
38656
27065
33371
7143
16146
18566
49601
61175
20995
60028
34932
26987
45625
13471
28191
10952
37100
28158
46244
30630
39474
32740
17670
17567
16028
3048
31330
44886
32775
54442
61684
5895
15972
29519
13039
32118
48085
62640
27758
3544
57132
62690
30532
37221
10625
58723
48174
47726
21346
28882
12820
60820
61622
30490
12851
12115
33539
44181
57001
778
33088
53150
6674
49060
17133
19713
15642
65219
16817
43400
3227
8413
40555
33759
45634
51180
26947
28272
33370
48293
57154
46191
43577
53241
11145
56428
65356
44684
35074
56821
45463
2626
